startttttttttttttttttttttttttttttt============================================================================================= 
I = [1.96, -6.49, -0.47, -7.2, -0.65;
     -6.49, 3.8, -6.39, 1.5, -6.34;
     -0.47, -6.39, 4.17, -1.51, 2.67]

[14.5095535080788; 4.809438813643192; 0.4795782459834706]  ==> I
[14.46223606452965; 5.933059470499574; 1.128040958041703e-15] ==> I_transposed and the applies to the rest as well

m_S:                                                                                                                                                                                                                             
 14.5096        0        0                                                                                                                                                                                                       
       0  4.80944        0                                                                                                                                                                                                       
       0        0 0.479578 
m_S:                                                                                                                                                                                                                             
    14.4622           0           0                                                                                                                                                                                              
          0     5.93306           0                                                                                                                                                                                              
          0           0 2.56395e-16   

[42.10542860076036; 4.626140340435525; 0.04599905880411577]
[69.71875732872732; 11.73373156016157; -9.249595657762455e-16]

[210.5271430038017, 0.2299952940205792, 23.13070170217765]
[209.1562719861819, 35.20119468048468, -6.908178040785174e-16]

>> D

D =

    0.0000         0         0
         0   35.2012         0
         0         0  209.1563

>> S

S =

  209.1563         0         0
         0   35.2012         0
         0         0    0.0000                        
         
>> D

D =

    0.2300         0         0
         0   23.1307         0
         0         0  210.5271

>> S

S =

  210.5271         0         0
         0   23.1307         0
         0         0    0.2300

>>                                                                                                                                                                                                                                                                                                           